k = 1:5

k =

     1     2     3     4     5

x = 0:2*pi

x =

     0     1     2     3     4     5     6

for k = 1:5
y = sin(k*x)
;
plot(x,y);
hold on
end

y =

  Columns 1 through 5

         0    0.0634    0.1266    0.1893    0.2511

  Columns 6 through 10

    0.3120    0.3717    0.4298    0.4862    0.5406

  Columns 11 through 15

    0.5929    0.6428    0.6901    0.7346    0.7761

  Columns 16 through 20

    0.8146    0.8497    0.8815    0.9096    0.9341

  Columns 21 through 25

    0.9549    0.9718    0.9848    0.9938    0.9989

  Columns 26 through 30

    0.9999    0.9969    0.9898    0.9788    0.9638

  Columns 31 through 35

    0.9450    0.9224    0.8960    0.8660    0.8326

  Columns 36 through 40

    0.7958    0.7557    0.7127    0.6668    0.6182

  Columns 41 through 45

    0.5671    0.5137    0.4582    0.4009    0.3420

  Columns 46 through 50

    0.2817    0.2203    0.1580    0.0951    0.0317

  Columns 51 through 55

   -0.0317   -0.0951   -0.1580   -0.2203   -0.2817

  Columns 56 through 60

   -0.3420   -0.4009   -0.4582   -0.5137   -0.5671

  Columns 61 through 65

   -0.6182   -0.6668   -0.7127   -0.7557   -0.7958

  Columns 66 through 70

   -0.8326   -0.8660   -0.8960   -0.9224   -0.9450

  Columns 71 through 75

   -0.9638   -0.9788   -0.9898   -0.9969   -0.9999

  Columns 76 through 80

   -0.9989   -0.9938   -0.9848   -0.9718   -0.9549

  Columns 81 through 85

   -0.9341   -0.9096   -0.8815   -0.8497   -0.8146

  Columns 86 through 90

   -0.7761   -0.7346   -0.6901   -0.6428   -0.5929

  Columns 91 through 95

   -0.5406   -0.4862   -0.4298   -0.3717   -0.3120

  Columns 96 through 100

   -0.2511   -0.1893   -0.1266   -0.0634   -0.0000


y =

  Columns 1 through 5

         0    0.1266    0.2511    0.3717    0.4862

  Columns 6 through 10

    0.5929    0.6901    0.7761    0.8497    0.9096

  Columns 11 through 15

    0.9549    0.9848    0.9989    0.9969    0.9788

  Columns 16 through 20

    0.9450    0.8960    0.8326    0.7557    0.6668

  Columns 21 through 25

    0.5671    0.4582    0.3420    0.2203    0.0951

  Columns 26 through 30

   -0.0317   -0.1580   -0.2817   -0.4009   -0.5137

  Columns 31 through 35

   -0.6182   -0.7127   -0.7958   -0.8660   -0.9224

  Columns 36 through 40

   -0.9638   -0.9898   -0.9999   -0.9938   -0.9718

  Columns 41 through 45

   -0.9341   -0.8815   -0.8146   -0.7346   -0.6428

  Columns 46 through 50

   -0.5406   -0.4298   -0.3120   -0.1893   -0.0634

  Columns 51 through 55

    0.0634    0.1893    0.3120    0.4298    0.5406

  Columns 56 through 60

    0.6428    0.7346    0.8146    0.8815    0.9341

  Columns 61 through 65

    0.9718    0.9938    0.9999    0.9898    0.9638

  Columns 66 through 70

    0.9224    0.8660    0.7958    0.7127    0.6182

  Columns 71 through 75

    0.5137    0.4009    0.2817    0.1580    0.0317

  Columns 76 through 80

   -0.0951   -0.2203   -0.3420   -0.4582   -0.5671

  Columns 81 through 85

   -0.6668   -0.7557   -0.8326   -0.8960   -0.9450

  Columns 86 through 90

   -0.9788   -0.9969   -0.9989   -0.9848   -0.9549

  Columns 91 through 95

   -0.9096   -0.8497   -0.7761   -0.6901   -0.5929

  Columns 96 through 100

   -0.4862   -0.3717   -0.2511   -0.1266   -0.0000


y =

  Columns 1 through 5

         0    0.1893    0.3717    0.5406    0.6901

  Columns 6 through 10

    0.8146    0.9096    0.9718    0.9989    0.9898

  Columns 11 through 15

    0.9450    0.8660    0.7557    0.6182    0.4582

  Columns 16 through 20

    0.2817    0.0951   -0.0951   -0.2817   -0.4582

  Columns 21 through 25

   -0.6182   -0.7557   -0.8660   -0.9450   -0.9898

  Columns 26 through 30

   -0.9989   -0.9718   -0.9096   -0.8146   -0.6901

  Columns 31 through 35

   -0.5406   -0.3717   -0.1893   -0.0000    0.1893

  Columns 36 through 40

    0.3717    0.5406    0.6901    0.8146    0.9096

  Columns 41 through 45

    0.9718    0.9989    0.9898    0.9450    0.8660

  Columns 46 through 50

    0.7557    0.6182    0.4582    0.2817    0.0951

  Columns 51 through 55

   -0.0951   -0.2817   -0.4582   -0.6182   -0.7557

  Columns 56 through 60

   -0.8660   -0.9450   -0.9898   -0.9989   -0.9718

  Columns 61 through 65

   -0.9096   -0.8146   -0.6901   -0.5406   -0.3717

  Columns 66 through 70

   -0.1893   -0.0000    0.1893    0.3717    0.5406

  Columns 71 through 75

    0.6901    0.8146    0.9096    0.9718    0.9989

  Columns 76 through 80

    0.9898    0.9450    0.8660    0.7557    0.6182

  Columns 81 through 85

    0.4582    0.2817    0.0951   -0.0951   -0.2817

  Columns 86 through 90

   -0.4582   -0.6182   -0.7557   -0.8660   -0.9450

  Columns 91 through 95

   -0.9898   -0.9989   -0.9718   -0.9096   -0.8146

  Columns 96 through 100

   -0.6901   -0.5406   -0.3717   -0.1893   -0.0000


y =

  Columns 1 through 5

         0    0.2511    0.4862    0.6901    0.8497

  Columns 6 through 10

    0.9549    0.9989    0.9788    0.8960    0.7557

  Columns 11 through 15

    0.5671    0.3420    0.0951   -0.1580   -0.4009

  Columns 16 through 20

   -0.6182   -0.7958   -0.9224   -0.9898   -0.9938

  Columns 21 through 25

   -0.9341   -0.8146   -0.6428   -0.4298   -0.1893

  Columns 26 through 30

    0.0634    0.3120    0.5406    0.7346    0.8815

  Columns 31 through 35

    0.9718    0.9999    0.9638    0.8660    0.7127

  Columns 36 through 40

    0.5137    0.2817    0.0317   -0.2203   -0.4582

  Columns 41 through 45

   -0.6668   -0.8326   -0.9450   -0.9969   -0.9848

  Columns 46 through 50

   -0.9096   -0.7761   -0.5929   -0.3717   -0.1266

  Columns 51 through 55

    0.1266    0.3717    0.5929    0.7761    0.9096

  Columns 56 through 60

    0.9848    0.9969    0.9450    0.8326    0.6668

  Columns 61 through 65

    0.4582    0.2203   -0.0317   -0.2817   -0.5137

  Columns 66 through 70

   -0.7127   -0.8660   -0.9638   -0.9999   -0.9718

  Columns 71 through 75

   -0.8815   -0.7346   -0.5406   -0.3120   -0.0634

  Columns 76 through 80

    0.1893    0.4298    0.6428    0.8146    0.9341

  Columns 81 through 85

    0.9938    0.9898    0.9224    0.7958    0.6182

  Columns 86 through 90

    0.4009    0.1580   -0.0951   -0.3420   -0.5671

  Columns 91 through 95

   -0.7557   -0.8960   -0.9788   -0.9989   -0.9549

  Columns 96 through 100

   -0.8497   -0.6901   -0.4862   -0.2511   -0.0000


y =

  Columns 1 through 5

         0    0.3120    0.5929    0.8146    0.9549

  Columns 6 through 10

    0.9999    0.9450    0.7958    0.5671    0.2817

  Columns 11 through 15

   -0.0317   -0.3420   -0.6182   -0.8326   -0.9638

  Columns 16 through 20

   -0.9989   -0.9341   -0.7761   -0.5406   -0.2511

  Columns 21 through 25

    0.0634    0.3717    0.6428    0.8497    0.9718

  Columns 26 through 30

    0.9969    0.9224    0.7557    0.5137    0.2203

  Columns 31 through 35

   -0.0951   -0.4009   -0.6668   -0.8660   -0.9788

  Columns 36 through 40

   -0.9938   -0.9096   -0.7346   -0.4862   -0.1893

  Columns 41 through 45

    0.1266    0.4298    0.6901    0.8815    0.9848

  Columns 46 through 50

    0.9898    0.8960    0.7127    0.4582    0.1580

  Columns 51 through 55

   -0.1580   -0.4582   -0.7127   -0.8960   -0.9898

  Columns 56 through 60

   -0.9848   -0.8815   -0.6901   -0.4298   -0.1266

  Columns 61 through 65

    0.1893    0.4862    0.7346    0.9096    0.9938

  Columns 66 through 70

    0.9788    0.8660    0.6668    0.4009    0.0951

  Columns 71 through 75

   -0.2203   -0.5137   -0.7557   -0.9224   -0.9969

  Columns 76 through 80

   -0.9718   -0.8497   -0.6428   -0.3717   -0.0634

  Columns 81 through 85

    0.2511    0.5406    0.7761    0.9341    0.9989

  Columns 86 through 90

    0.9638    0.8326    0.6182    0.3420    0.0317

  Columns 91 through 95

   -0.2817   -0.5671   -0.7958   -0.9450   -0.9999

  Columns 96 through 100

   -0.9549   -0.8146   -0.5929   -0.3120   -0.0000

diary off
